epoch,phase,messages,loss,accuracy,accuracy_nn,temperature,length,length_nn,lexicon_size,actual_vocab_size,entropy_msg,entropy_max,entropy_msg_mc_ml,entropy_msg_mc_perks,entropy_msg_mc_james-stein,entropy_msg_mc_minimax,entropy_msg_1_ml,entropy_msg_1_perks,entropy_msg_1_james-stein,entropy_msg_1_minimax,redundancy_act,redundancy_max,kld_train_test,kld_test_train,mutual_info_sent_received,topsim,topsim_norm_max,entropy_target,mutual_info_msg_target,proficiency_msg_target,mutual_info_msg_target_shape,proficiency_msg_target_shape,mutual_info_msg_target_color,proficiency_msg_target_color,mutual_info_msg_target_x,proficiency_msg_target_x,mutual_info_msg_target_y,proficiency_msg_target_y,entropy_selected,mutual_info_msg_selected,proficiency_msg_selected,mutual_info_msg_selected_shape,proficiency_msg_selected_shape,mutual_info_msg_selected_color,proficiency_msg_selected_color,mutual_info_msg_selected_x,proficiency_msg_selected_x,mutual_info_msg_selected_y,proficiency_msg_selected_y
1,train,baseline,3.95577073097229,35.53125,35.53125,1.5,1.59765625,1.59765625,714,10,4.37109375,6.2734375,4.371980598714441,4.372000685882734,4.3720445990449734,4.384149376269653,4.303838515667514,4.304777437605364,4.306774548424525,4.386389105348258,0.302978515625,0.5400390625,,,4.37109375,0.31407275189001316,0.14421718890197485,7.162105003080282,1.2841178921649083,0.17929336300049137,0.17328949585979814,0.032963875366758606,0.18952983310078686,0.033467313903827775,0.8386615455589457,0.20562869514004253,0.8393717258604569,0.2057775466237457,6.906005891062048,0.8241434973353119,0.11933721319322102,0.14353073634139335,0.025252648826315838,0.1737585669821371,0.028811182064802966,0.40540365214686513,0.09267219125855615,0.3920562749520595,0.08978619624701635
2,train,baseline,2.4759976863861084,50.125,50.125,1.4873046875,1.4990234375,1.4990234375,5,3,1.541015625,5.7578125,1.5391026252182227,1.5391758253850087,1.5392226972513887,1.569401617126624,1.538901250671107,1.5413390472607325,1.5428758307818453,1.7041289500895376,0.732421875,0.837890625,,,1.5390625,0.2814155939543506,0.13151117076169447,7.162105003080282,1.5008860978819898,0.20955935402182568,0.003403647049884384,0.0015390702051057985,0.003774441121701777,0.0014419050617337321,0.9930808337554744,0.9612879697943815,0.9944065401174162,0.9621046902744591,7.016008988319784,1.5023435194051638,0.21413078602183344,0.002742948499712128,0.001268441217682295,0.002901488863892965,0.0011442814686218787,0.9223810469515517,0.957623056824778,0.9099565290298743,0.9570367438823366
3,train,baseline,2.404503107070923,50.40625,50.40625,1.4755859375,1.5,1.5,5,4,1.5458984375,5.7578125,1.5431463020163987,1.5432182858712162,1.5432645043700515,1.57326042795634,1.535066545731453,1.5375020313100947,1.5390297906435846,1.700237736430747,0.7314453125,0.83740234375,,,1.5439453125,0.30764892880569256,0.14189376338826043,7.162105003080282,1.5035206282475413,0.20992719704624635,0.0026153294268533855,0.0011810630285065881,0.0033927354331169113,0.0012946570386094258,0.9943038848423393,0.9597865657459158,0.9948047856406497,0.9598059467816619,6.994738284480586,1.5030470303325119,0.2148825258648151,0.0026752961615379434,0.0012364242814056267,0.002999309455775645,0.0011963359782868263,0.9063559947643052,0.954901289789774,0.8977435401907261,0.9544718476882081
4,train,baseline,1.7509939670562744,58.78125,58.78125,1.462890625,2.00390625,2.00390625,264,10,3.013671875,7.3203125,3.015316252500742,3.015350773344202,3.015427517777629,3.0346502312425847,2.932356602355526,2.9341530063671413,2.9378171520959513,3.0618460094556292,0.58837890625,0.68310546875,,,3.01953125,0.6726697321022085,0.5342066931329243,7.162105003080282,1.786587678977512,0.24945008181381526,0.040318822179891356,0.011866792836008144,0.043891314058859265,0.011538811922084826,0.9942869760623392,0.4480397297236285,0.9937895487752835,0.4477145154055528,7.089128544453812,1.7994348430320524,0.25383018966976445,0.0436801702059455,0.013038160420123457,0.05155910206528347,0.013804603459731633,0.9546718266151508,0.4407699123248836,0.954055340483186,0.4403936195240426
5,train,baseline,1.2979081869125366,63.34375,63.34375,1.451171875,2.244140625,2.244140625,35,10,2.40234375,7.9296875,2.4006396485126977,2.400699733701942,2.40083223528084,2.427340685567377,2.3831481301188973,2.385392554325161,2.3901236580554426,2.5349371248998933,0.697265625,0.74755859375,,,2.404296875,0.6680368296258361,0.5375442429206659,7.162105003080282,2.03248421131303,0.28378307919793105,0.008466364982881558,0.003331110631227799,0.027333986316005365,0.009272719810643159,0.9942721922333364,0.7293761689084932,0.9940486084738405,0.7289442716260206,7.106622450161353,2.027975682669906,0.2853642073843196,0.00840653408380021,0.003341348624979348,0.023453605566297497,0.008047590812013257,0.9607944011504967,0.7192015716098205,0.9694087820741197,0.7205149906146314
6,train,baseline,1.2195954322814941,66.125,66.125,1.439453125,2.244140625,2.244140625,73,10,2.943359375,7.9296875,2.943639759187593,2.943690251297318,2.943830640699842,2.967446884225837,2.9401474474187665,2.9422144387379365,2.9476983864876214,3.0807511521611706,0.62890625,0.6904296875,,,2.939453125,0.6544434007846561,0.5467713951052414,7.162105003080282,2.1043703847049646,0.2938200967173639,0.021506028324912663,0.007145908490476421,0.09477655351463632,0.02774701059450636,0.9941274002361089,0.5429021729604511,0.9923878448293468,0.5418039600319612,7.112903559664575,2.1009599371996823,0.2953730385315048,0.021998678694567175,0.007366289965322472,0.09192566436085237,0.02719776636649874,0.9709438512104649,0.5359656204169756,0.969943273118619,0.535071514775099
7,train,baseline,1.1093064546585083,71.0625,71.0625,1.427734375,2.244140625,2.244140625,128,10,3.791015625,7.9296875,3.7900571999874595,3.7901008243305925,3.7902790967321285,3.811059950510865,3.7287460188413837,3.7306192918067236,3.73769814919229,3.8559649850199977,0.52197265625,0.6015625,,,3.79296875,0.660308593815246,0.528215186616101,7.162105003080282,2.2216952238475582,0.3102014314076728,0.03993705425949834,0.010684468231135547,0.2618467351747551,0.0631863179450172,0.9941853042718254,0.3884389814698772,0.9366033535911713,0.36586947722181856,7.109982246815072,2.212339385774323,0.3111596216383443,0.03818078720138196,0.01025659930812922,0.25222813842694425,0.06127893056999117,0.9671857080671895,0.3801163906802733,0.9111371242183299,0.3577616210932861
8,train,baseline,0.9548268914222717,75.1875,75.1875,1.416015625,2.244140625,2.244140625,68,10,3.798828125,7.9296875,3.800870063997218,3.80092363024745,3.8012023214940367,3.8241865143985376,3.80084681894677,3.802849731779063,3.8127328780803595,3.9334009852071397,0.52099609375,0.6005859375,,,3.796875,0.5709523091710652,0.4911738680677794,7.162105003080282,2.4987748287737412,0.34888832650443785,0.04727967687320067,0.013611731811862062,0.4823433582671761,0.12432710762166403,0.9943014391095648,0.4332415894371375,0.9698422274759944,0.4224918879480242,7.122179804870357,2.475815877866729,0.34762052429141044,0.04778733192963891,0.01378177187079077,0.46499951868854517,0.12004222437406084,0.9763857376708955,0.4247284236542488,0.9460605451246726,0.4122035313670208
9,train,baseline,0.7781077027320862,79.8125,79.8125,1.404296875,2.24609375,2.24609375,42,10,3.5703125,7.9375,3.5699738162652386,3.570033128772085,3.5703585812348875,3.594901899490535,3.5309274366503445,3.533041074761745,3.5439314001716977,3.6701327654820024,0.55029296875,0.62451171875,,,3.57421875,0.5509981955939763,0.49807054852595006,7.162105003080282,2.80845249247612,0.39212668499948816,0.05364708317687139,0.018297989044199717,0.7689752490359965,0.23036745322063137,0.994371453047803,0.5670994057938813,0.9800882754260876,0.558793926945955,7.137145575429951,2.8006424335670657,0.392403714337626,0.05054363936998385,0.017299746632853098,0.7672786642437508,0.2304573294248986,0.9839099656665811,0.561945920067926,0.9667827927469821,0.5527745812191
10,train,baseline,0.7317376732826233,81.0625,81.0625,1.392578125,2.24609375,2.24609375,35,10,3.494140625,7.94140625,3.493746177186531,3.4938082245469384,3.4941533810836973,3.519385127501223,3.5050432839296435,3.5071700318553654,3.5184918859990004,3.6450790429594777,0.56005859375,0.63232421875,,,3.498046875,0.561764138616758,0.4950726567028296,7.162105003080282,2.9122685612629953,0.4066218744364241,0.05237382785721323,0.01902911269467181,0.8709348049107639,0.2757448296602353,0.9938137134422531,0.6314428756980575,0.9848697081946094,0.6255609786591442,7.135644087948309,2.8997504842785777,0.40637543696666273,0.0519193019616333,0.018823231246251064,0.8635792705259417,0.2736700528170224,0.9808064347258281,0.6221990752103651,0.9708383861624448,0.6161319084207817
11,train,baseline,0.6374819278717041,84.1875,84.1875,1.380859375,2.384765625,2.384765625,28,9,3.76171875,8.6953125,3.761135646120456,3.7611974392603806,3.7617227068164447,3.786435374511315,3.7536351376963735,3.755750247866431,3.7728037247323023,3.8917444985050267,0.5673828125,0.6044921875,,,3.767578125,0.3937947642713216,0.3201346142387171,7.162105003080282,3.159336025445562,0.4411183617228165,0.03628785375032617,0.013073036822971645,1.1089770658094906,0.34852018247204897,0.9936627678182655,0.6220672441864021,0.9928072003923081,0.6213367674955352,7.142350848124631,3.111720637502677,0.43567177021550574,0.03433406320329624,0.012194045181465841,1.0643358144374364,0.3313952230085266,0.9826990111320777,0.6022391108485606,0.9815221557762142,0.6014733154575571
12,train,baseline,0.536486029624939,88.5625,88.5625,1.369140625,2.474609375,2.474609375,30,8,3.734375,9.0546875,3.733763002309743,3.7338260685506945,3.734395056349126,3.7593823402606534,3.738757572154353,3.7408863913127384,3.759137801798978,3.877671342849866,0.587890625,0.607421875,,,3.736328125,0.4022558058994652,0.32351437861968557,7.162105003080282,3.4188769559135874,0.477356441219892,0.026178591338470447,0.010532436677459909,1.3657112372116984,0.47228632703345685,0.9939070539474306,0.7603919361868337,0.9936643605749129,0.7599150179046109,7.15406224082132,3.4070535286768733,0.4762404091532935,0.02406815852873745,0.009644412428674637,1.3569169067072373,0.46741880419153875,0.9890275707606246,0.7500546722753596,0.9897893575897347,0.7497832745785601
13,train,baseline,0.4825226962566376,89.0625,89.0625,1.3583984375,2.478515625,2.478515625,22,8,3.716796875,9.0703125,3.718912341636605,3.718976009093041,3.7195479206098,3.744676689520837,3.706832509539699,3.7089714969164196,3.7271343017215957,3.846385021604532,0.59033203125,0.609375,,,3.716796875,0.40416132647143815,0.3211835810357383,7.162105003080282,3.4671715269433525,0.4840995106120602,0.02371835858683191,0.009799725327847147,1.4128110208646278,0.49984655650789056,0.9938346500879849,0.8002623838146599,0.9928048726008045,0.7991108298973356,7.156664402774053,3.4660434378988683,0.4843099023275937,0.020354627499525435,0.008410805083785881,1.41397789857609,0.5004716785957302,0.990379767827104,0.7975127628501769,0.9903216384071696,0.7967202069498469
14,train,baseline,0.4511682689189911,89.375,89.375,1.3466796875,2.478515625,2.478515625,25,9,3.71484375,9.0703125,3.7125975118368792,3.7126611456998635,3.713231105061454,3.7383924340518555,3.7115233516198938,3.713667728604206,3.7318691845421452,3.851259637980426,0.59033203125,0.609375,,,3.71484375,0.40343456483155415,0.333320249214403,7.162105003080282,3.4833671143816463,0.4863607993576634,0.023479265348758993,0.009777647048510169,1.4287367132094673,0.5088997052283015,0.9939100226528268,0.8127496637111978,0.9934367759860985,0.8120300290630192,7.155480212914634,3.479886494290853,0.4863246617620643,0.02176700519011554,0.009055473053757182,1.4207391305774602,0.5056225193258658,0.9904859691303676,0.8075566074315421,0.989284106479797,0.8066674836309642
15,train,baseline,0.4483155608177185,89.3125,89.3125,1.3359375,2.478515625,2.478515625,25,8,3.755859375,9.0703125,3.7575284235749877,3.757591973022708,3.758172822761421,3.783238291895406,3.756414895966998,3.758550467580906,3.7770456765228793,3.895480716032217,0.5859375,0.60498046875,,,3.755859375,0.4094021384924236,0.3312634949608118,7.162105003080282,3.4730775443176682,0.4849241309397119,0.02220660153671794,0.009032567423933296,1.4186392174204592,0.49521651835644986,0.994075625008815,0.7765722478577544,0.9898090952070415,0.7729367453168142,7.156702291489392,3.468944000011001,0.48471263142190507,0.02110050434605526,0.008572346643592764,1.4165816068045487,0.49403298476349505,0.9905887443419683,0.7717961441478834,0.9854810268355036,0.7675963182582772
16,train,baseline,0.4245545268058777,89.875,89.875,1.3251953125,2.478515625,2.478515625,26,8,3.732421875,9.0703125,3.7314196882851975,3.731484204719223,3.7320663622843537,3.757339604149298,3.7353839803304494,3.737529759886754,3.755940538037862,3.87500882362989,0.58837890625,0.607421875,,,3.734375,0.39421727448251126,0.3250601302179354,7.162105003080282,3.5056739060317517,0.48947535738781117,0.015639213748610103,0.006515785272110166,1.4526568320355047,0.5176256534977861,0.9940326723653286,0.8135928418238244,0.992073636128393,0.8116566180570431,7.156462697042263,3.502502216031059,0.4894180776598792,0.01562222345563935,0.006506877119401984,1.4467085990561719,0.5155895888899691,0.990469641955424,0.8104424493768709,0.9892160408160677,0.8087097081559047
17,train,baseline,0.41585057973861694,90.25,90.25,1.314453125,2.478515625,2.478515625,22,6,3.755859375,9.0703125,3.75608259749088,3.756146728027166,3.75673429552994,3.78192544170434,3.7362579438387975,3.738406922277227,3.756953434797742,3.876023190573714,0.5859375,0.60498046875,,,3.75390625,0.4127847339083202,0.3497559683880304,7.162105003080282,3.529532901767479,0.4928066399821694,0.015821899449215415,0.006594220799695788,1.4764863012230096,0.5262753746573169,0.9941538062911945,0.8142554812300477,0.9907574716560097,0.8111409178957452,7.157809994629288,3.527830568165814,0.49286451733321335,0.014821021467866125,0.006177975780167061,1.477225722772201,0.5269047793799965,0.9920087765064292,0.8129412825618184,0.9870945944778127,0.8092176780199668
18,train,baseline,0.4118292033672333,90.4375,90.4375,1.302734375,2.478515625,2.478515625,28,8,3.7421875,9.0703125,3.7424998581738342,3.7425643338492023,3.743149648695556,3.7684096660022703,3.732619627211292,3.7347644411906598,3.75320455309445,3.8722354549831906,0.58740234375,0.6064453125,,,3.7421875,0.4083406407993415,0.33195494189241315,7.162105003080282,3.5306882910703754,0.49296795977605673,0.01830339362163169,0.007678063098029363,1.4776429513979323,0.5296141943160144,0.9941641623586275,0.8247360710296557,0.9909853147714278,0.8217574621026564,7.1568750869881566,3.5271200131602436,0.49282961771581923,0.018571424216545118,0.007787393437600366,1.472655249029514,0.528041593399635,0.9917084186717453,0.8224902624543752,0.9874293290465781,0.8193894282131
19,train,baseline,0.3990570604801178,90.625,90.625,1.2919921875,2.478515625,2.478515625,27,8,3.73828125,9.0703125,3.7403067442643088,3.740371161165783,3.7409534327092664,3.7662144685812806,3.7200165619928818,3.7221574702965587,3.740401296922818,3.8595862565277854,0.587890625,0.60693359375,,,3.73828125,0.39636203352466987,0.3288894059630401,7.162105003080282,3.528314347082029,0.49263650080033305,0.022818069546326036,0.00959317982330751,1.4779044308274294,0.5307129301800689,0.9941855625959715,0.8283847062250654,0.9891097983162025,0.8238115600294452,7.157042051980328,3.528140968106234,0.49296077101153957,0.02212377396854759,0.009303384235616908,1.475230052242802,0.5298962371467244,0.9907189526190665,0.8258209845055379,0.9864266480618591,0.8215452903686198
20,train,baseline,0.4270471930503845,90.6875,90.6875,1.2822265625,2.478515625,2.478515625,32,9,3.751953125,9.0703125,3.750033878869427,3.7500978043507756,3.7506794053287646,3.77583967676291,3.7452661296929746,3.747405638811811,3.76584961896873,3.8845439557430423,0.58642578125,0.60546875,,,3.75,0.3951429328579469,0.3312575965115313,7.162105003080282,3.511310261897497,0.4902623265628402,0.018426218322407095,0.007642530331137683,1.468411372400782,0.5212324310696487,0.9941044771367551,0.8065182720820651,0.9900140714125589,0.8028734101932677,7.1576309869713,3.5069447071519124,0.4899588583897995,0.01758538969678014,0.0072744171856367135,1.4621028622026433,0.5183891251582606,0.9910410050432432,0.8013892780093811,0.9862690158533978,0.7973616439977993
21,train,baseline,0.40306124091148376,91.125,91.125,1.271484375,2.478515625,2.478515625,28,9,3.740234375,9.0703125,3.740102771160741,3.7401672520560787,3.7407525248819824,3.766014809903352,3.7261955385942493,3.728337247867021,3.746714584331408,3.8657602295081204,0.58740234375,0.60693359375,,,3.740234375,0.39155129629004,0.32707923157063407,7.162105003080282,3.533952366100192,0.49342370219094916,0.018403944848528475,0.007738770070719154,1.4831121519827848,0.5326640227072422,0.9940759516488944,0.8285857698426673,0.987585942662089,0.8228326117121918,7.15897506203935,3.5299644514567987,0.4930823785341181,0.016900149728859226,0.007094265288421297,1.4813042780107528,0.5315839206197703,0.9922770230068405,0.8251990307568392,0.9862291861062191,0.8196839381818948
22,train,baseline,0.3826061189174652,91.25,91.25,1.2607421875,2.478515625,2.478515625,30,9,3.751953125,9.0703125,3.7524689794408626,3.7525336576124393,3.7531252680744105,3.7784082596566932,3.7615392929211384,3.7636745665943803,3.7822781278261375,3.9005757412131867,0.58642578125,0.60546875,,,3.751953125,0.3955320307602725,0.3326534833785917,7.162105003080282,3.545422246553175,0.4950251699784292,0.01889026906038538,0.007932973516969198,1.4925555130474448,0.5354621944033353,0.9942235585244825,0.826582759537211,0.988383490942784,0.8213853155295578,7.159009713487298,3.542276108009231,0.4947997348482039,0.017281832238376538,0.007258469498114587,1.4898696815530448,0.5345536508688634,0.9922465636282682,0.8249258987898621,0.9857018161663946,0.8191747720053602
23,train,baseline,0.37477031350135803,91.1875,91.1875,1.25,2.478515625,2.478515625,28,8,3.765625,9.0703125,3.7664548508312157,3.766519387929392,3.767114261495638,3.7923748760871168,3.7717352262939503,3.773870402471952,3.7926039979406845,3.9106819742120047,0.5849609375,0.60400390625,,,3.765625,0.3955279098579677,0.33023011029859406,7.162105003080282,3.5559148876147644,0.4964901919317623,0.018225098736493806,0.007654859572897919,1.4982821779581794,0.5375901301763607,0.9942884707853503,0.8268985886759989,0.9922765603577544,0.8248817229814815,7.159191402400238,3.555022574807006,0.49656761147845907,0.01710925207039704,0.0071838771040476914,1.496750875321526,0.5370705476330686,0.9923359012400876,0.8249880507709499,0.9907205909185199,0.8227525264749733
24,train,baseline,0.36620891094207764,91.625,91.625,1.240234375,2.478515625,2.478515625,31,9,3.810546875,9.0703125,3.8100342735937334,3.8100986486889385,3.810707206249291,3.835844955895499,3.815848505892345,3.8179821772666975,3.8371428669830827,3.954408609217709,0.57958984375,0.59912109375,,,3.8125,0.39686118897912653,0.3293137493741767,7.162105003080282,3.5625463307482113,0.49741609892846156,0.02262884848368074,0.009339717252989065,1.5009862559132294,0.5305632132400063,0.9943080167286968,0.7990005028414882,0.9925810642014685,0.7972918123166453,7.159639080880358,3.5605385710156647,0.4973069914269836,0.02146525490840201,0.008860135648392716,1.500464245428411,0.5306119966171777,0.9927744413847837,0.7983092642519319,0.9910141443740459,0.7964852080205144
25,train,baseline,0.36092716455459595,91.75,91.75,1.2294921875,2.478515625,2.478515625,28,10,3.798828125,9.0703125,3.797692749399423,3.797757291049042,3.7983633894547415,3.823564642435059,3.7884819929637206,3.7906220296167628,3.8096678539119786,3.927560548786807,0.5810546875,0.6005859375,,,3.798828125,0.40635696665868803,0.33519983395861214,7.162105003080282,3.5774303126985987,0.4994942563897088,0.023776031371947504,0.009930368646311504,1.5116934045758175,0.5398026404086054,0.9943145983930517,0.8177922416014177,0.9922603660812701,0.8157665865934544,7.158836940957251,3.574943166895002,0.4993748560526614,0.022855878704753252,0.00954524846887583,1.5091190132958126,0.5388917151323727,0.9919022741659127,0.8157203654609517,0.9907546056562495,0.8140852983623629
26,train,baseline,0.35799485445022583,91.875,91.875,1.2197265625,2.478515625,2.478515625,28,9,3.79296875,9.0703125,3.7963106969883906,3.7963754378222805,3.7969824647335684,3.8222128612496418,3.7992395823027367,3.801377408800037,3.8204376217203317,3.9381102248594018,0.58203125,0.60107421875,,,3.791015625,0.4004219932908731,0.33151900827747544,7.162105003080282,3.56845020929689,0.4982404206252448,0.0264758847645723,0.011057496224933058,1.5041817751079822,0.5370995342883234,0.9943383245129853,0.8177387479096028,0.992423557816962,0.8158279442658497,7.1588459933601065,3.5642240225848685,0.49787689606547175,0.024184872741733976,0.010081962207980499,1.499909515647352,0.5348637711958794,0.9923934357629971,0.81305073754575,0.9898834899457194,0.8106959321359622
27,train,baseline,0.35184046626091003,92.5,92.5,1.2099609375,2.478515625,2.478515625,30,9,3.853515625,9.0703125,3.852215708522011,3.8522802397284313,3.852903459783137,3.8780107648599156,3.8428484633743465,3.84498395696315,3.8644735287401915,3.9813347426599677,0.5751953125,0.5947265625,,,3.85546875,0.400890292717625,0.3392678897273005,7.162105003080282,3.5756170635753035,0.4992410837369042,0.03014883273296398,0.012293380171065562,1.5086841037406273,0.5277655732332994,0.9943359446499569,0.7804699718277174,0.9922333921198874,0.7785135258134567,7.160212470182519,3.571155114238303,0.4987498805530936,0.030766925381126242,0.012520731265629742,1.505117323324792,0.5259895043030095,0.9932947381370498,0.7777349959066503,0.9913887131366748,0.7758963469065467
28,train,baseline,0.3506317436695099,92.1875,92.1875,1.19921875,2.478515625,2.478515625,34,9,3.869140625,9.0703125,3.8702808269484197,3.870345163929703,3.8709720491940116,3.8960262710593616,3.856429655507429,3.8585679001640205,3.878231983103459,3.994931586229587,0.5732421875,0.59326171875,,,3.869140625,0.3955612270101446,0.3333369980816233,7.162105003080282,3.5653306133244196,0.49780485091897425,0.032416460505212186,0.01311164213605269,1.4983150548579776,0.5205152792663873,0.9943493948201789,0.7684786813311528,0.9924434889982647,0.7667088684869657,7.160131900230737,3.560329082678447,0.49724350504824005,0.033760268671600535,0.013615176350141487,1.4948778481524352,0.5179794055712093,0.9930639631993481,0.7631995138831328,0.9920544322546938,0.7615828471177568
29,train,baseline,0.34816858172416687,92.5,92.5,1.189453125,2.478515625,2.478515625,27,9,3.82421875,9.0703125,3.8238590065785436,3.823923870580306,3.8245410078993465,3.849779102458911,3.808416587013435,3.8105691783736426,3.829912751075303,3.94786840332749,0.578125,0.59765625,,,3.826171875,0.38813097160327537,0.3325687162930266,7.162105003080282,3.58539662051377,0.5006065422067619,0.023786990532226326,0.009865963723425191,1.5157836989656168,0.5380468768457842,0.9943566803150583,0.8067194321715182,0.9930803269524233,0.8053566112612921,7.1599566620331085,3.57481594161019,0.49927899152885397,0.024407871700846684,0.01008440071433894,1.508193767304986,0.5335323593606027,0.9929278381829345,0.799287158904868,0.9910413224159367,0.7972546643596505
30,train,baseline,0.3328290581703186,92.625,92.625,1.1796875,2.478515625,2.478515625,27,9,3.822265625,9.0703125,3.8227530800520375,3.822818177240014,3.8234378544367207,3.848739457068864,3.8171297642784503,3.8192783257972147,3.838646349801402,3.956362358666385,0.57861328125,0.59814453125,,,3.82421875,0.3869167909511689,0.317609761208078,7.162105003080282,3.609502760833864,0.5039723320562163,0.03253284593353367,0.013636690690301602,1.532631857323505,0.548963305233603,0.9943438709446974,0.8236352748289679,0.9933692516556256,0.8224866837227157,7.1600443664858595,3.605798439250998,0.5036000134480618,0.03252044047070157,0.013611152779388557,1.5319868344113523,0.5479323604734649,0.9934133686561966,0.8197171740096004,0.9928206277174745,0.8188360718477401
31,train,baseline,0.33223778009414673,92.75,92.75,1.169921875,2.478515625,2.478515625,27,9,3.822265625,9.0703125,3.8224494805348916,3.8225147348488693,3.8231350465690666,3.8484594720693304,3.815027319669407,3.817173082552934,3.8364820313007635,3.954158246392991,0.57861328125,0.59814453125,,,3.822265625,0.3872098728034177,0.3271961307495655,7.162105003080282,3.6096146251279326,0.5039879509690947,0.03451648778519534,0.01447074224000794,1.532834381120038,0.5491193312118995,0.9943642268219204,0.8239418266579438,0.9933984818215729,0.8228000548343035,7.160505948296455,3.604055862638028,0.5033241908688677,0.032963805614451225,0.01379252920924672,1.5281056126828014,0.5464631259203502,0.9928997883286508,0.8195634527741058,0.9928285158491921,0.8187005018594917
32,train,baseline,0.3261859118938446,92.6875,92.6875,1.16015625,2.478515625,2.478515625,31,10,3.81640625,9.0703125,3.8157029035967014,3.8157686062048146,3.81639203135866,3.8418033719094127,3.815640830456102,3.817792271052191,3.83717624801771,3.954984076035549,0.5791015625,0.5986328125,,,3.81640625,0.3971707074381372,0.33062452518278773,7.162105003080282,3.6134551169933222,0.5045241748674789,0.03461222293718791,0.014569786021556235,1.5357562717534323,0.552073378573918,0.9943655933642352,0.8305801856087185,0.9941070883755856,0.8300169444985543,7.16048390276713,3.6096497866096326,0.5041069619910329,0.03398688738030842,0.014300858831039895,1.5343141301132048,0.5513166293203896,0.9932056406680525,0.8286376612953478,0.9932979958815382,0.8280867705055067
33,train,baseline,0.3223910331726074,93.0,93.0,1.1513671875,2.478515625,2.478515625,26,10,3.818359375,9.0703125,3.8182265238293063,3.818291998300749,3.818915900078425,3.8442965171781966,3.798856834893889,3.8010156183197243,3.8204378942163073,3.938650323606074,0.5791015625,0.5986328125,,,3.8203125,0.3905830735809901,0.3199362291266677,7.162105003080282,3.615871960844867,0.504861623683226,0.03653303954224363,0.0153837867652614,1.538465198720182,0.5532144215147196,0.9943480012437549,0.8311493148831076,0.9941680039956831,0.8306510348934475,7.160655383589166,3.6122582122452473,0.5044591617303414,0.0370995829139984,0.015608322799746145,1.5348806872561367,0.551480410901831,0.9936585506605393,0.8287564249898781,0.9933110127409597,0.8280670288749729
34,train,baseline,0.32378149032592773,93.1875,93.1875,1.1416015625,2.478515625,2.478515625,27,10,3.849609375,9.0703125,3.8475970394260424,3.8476628663705723,3.848298373074198,3.8736698460632533,3.8453207765805733,3.8474750811943146,3.867233986126924,3.9846082181308473,0.57568359375,0.59521484375,,,3.849609375,0.37950921473614774,0.3332094023154043,7.162105003080282,3.603031252873136,0.5030687558090173,0.03946606947372455,0.016329549212318835,1.524361066269992,0.539973222413489,0.9943730734394132,0.8029320298432612,0.9940786226742748,0.8023697001580008,7.160848870030174,3.600432522289592,0.5027940943368102,0.039154229688337594,0.016169553829482198,1.5215475222317814,0.538149519607428,0.9936111715540887,0.7993798616431619,0.9933284623515135,0.7986016793403707
35,train,baseline,0.31288257241249084,93.25,93.25,1.1318359375,2.478515625,2.478515625,26,10,3.794921875,9.0703125,3.795552253800419,3.795618241987139,3.796239799709919,3.821752950938132,3.793037215121793,3.7951974782004854,3.8144991548428284,3.9328908682791672,0.58154296875,0.60107421875,,,3.794921875,0.40061177959067384,0.3230273774821829,7.162105003080282,3.6198582486653827,0.5054182041604461,0.037864161519217454,0.016123030248148228,1.5418998820341985,0.5597478686206281,0.9943581926964598,0.8498573748613187,0.9936722042372983,0.8489076075473212,7.160325966031696,3.61656814088117,0.5050842877877385,0.03829567419675861,0.01629497494710009,1.539916975564406,0.5585569932304049,0.9928926853607045,0.8470039917405783,0.9932264424178214,0.8462229023083889
36,train,baseline,0.31616148352622986,93.375,93.375,1.123046875,2.478515625,2.478515625,26,9,3.79296875,9.0703125,3.790476583196085,3.790542644040192,3.7911645295341265,3.8167012264617792,3.7927084633911026,3.7948657512191817,3.8141479254091477,3.9324431704297047,0.58154296875,0.60107421875,,,3.79296875,0.392168059185718,0.32114372131985836,7.162105003080282,3.609765490941082,0.5040090154205491,0.03307117334107357,0.014033234927086866,1.5334906396728067,0.5550468152080296,0.9943731427689233,0.8439695311180375,0.9935694064382767,0.8429289620919612,7.16110466703484,3.6042189700076226,0.5033048862697328,0.03433309833829057,0.014541789565537462,1.5268814107101454,0.551937512976728,0.9933068181521412,0.8407314015559769,0.9934114073920535,0.8399879673137148
37,train,baseline,0.3071630001068115,93.5625,93.5625,1.11328125,2.478515625,2.478515625,22,9,3.75390625,9.0703125,3.7534479567161894,3.7535145701003203,3.754134048974505,3.7798276054644773,3.750951558958089,3.7531236574496396,3.772318274420151,3.891600484054924,0.5859375,0.60498046875,,,3.75390625,0.395052615885394,0.3362015398656022,7.162105003080282,3.616331778547038,0.5049258251577887,0.03439638141817891,0.014869530660473232,1.5398532242326484,0.5662488198746685,0.9943731957776603,0.8762619509898755,0.9939877266855186,0.8755357584080211,7.160347753746117,3.6125301778946346,0.5045188169812909,0.03404186744287685,0.014710027172072744,1.5387322242285704,0.5654548820684012,0.9932703974504618,0.8738676792118236,0.9931996438039112,0.8731944105459425
38,train,baseline,0.30278515815734863,93.3125,93.3125,1.1044921875,2.478515625,2.478515625,24,10,3.775390625,9.0703125,3.7760855637982007,3.776152524073024,3.776782111152467,3.8024800535666805,3.7721468954297195,3.7743167460625586,3.793713415709186,3.912581164389418,0.58349609375,0.60302734375,,,3.775390625,0.405100534348266,0.3367920147648345,7.162105003080282,3.6178867843347855,0.5051429409061725,0.04077128904935279,0.0174937806871896,1.5385822274755006,0.5621835060633158,0.9943731875218491,0.863025991727618,0.9940320253775594,0.8623549535567662,7.160320543556206,3.612262596745081,0.5044833642253443,0.04110355358872386,0.01760053345977624,1.5364951745569515,0.5605530712592922,0.9930597646840154,0.8585547524544744,0.9932811481891468,0.8580162427048066
39,train,baseline,0.30186545848846436,93.5625,93.5625,1.095703125,2.478515625,2.478515625,25,9,3.767578125,9.0703125,3.7688216142900637,3.768888325541947,3.7695142695714283,3.7951896697975207,3.7795961768424093,3.7817543120245367,3.801069210643036,3.919491962714138,0.58447265625,0.603515625,,,3.76953125,0.38382552359547034,0.3287554388041072,7.162105003080282,3.6175703005732256,0.5050987522547322,0.04346104859920885,0.018722139899974004,1.536176854359967,0.5632070089985249,0.9943732103131335,0.8700063098103555,0.9942869256484412,0.8695496904836323,7.161063305772634,3.6152345406822817,0.5048460523687858,0.041359349088245345,0.017785548979403012,1.535177442956277,0.5620302362855786,0.9934543539073655,0.8663611407964098,0.9941379874740495,0.8659442559618846
40,train,baseline,0.30148419737815857,93.875,93.875,1.0859375,2.478515625,2.478515625,22,8,3.75390625,9.0703125,3.753890780369298,3.753957709344991,3.7545823171491777,3.780319682607604,3.749990154055576,3.7521657869454046,3.771469801167887,3.8908097858986266,0.5859375,0.60546875,,,3.751953125,0.4041584025963854,0.32822016477596244,7.162105003080282,3.62239015674424,0.5057717186757693,0.037958817659323074,0.01646965163527694,1.5400550854950055,0.5680859198469957,0.9943732254601736,0.8828270293885072,0.9943871989863,0.8824469564387756,7.160091978681413,3.6185009297614217,0.5053707327413128,0.0378500007327629,0.016420075265730753,1.5380529742952769,0.5672976825407515,0.9929200320550322,0.8811216306886469,0.9934431422612917,0.8808178844498338
41,train,baseline,0.2999773323535919,93.8125,93.8125,1.0771484375,2.478515625,2.478515625,22,8,3.736328125,9.0703125,3.7379217230283994,3.737988774160252,3.738611106132025,3.7644038216937084,3.7447322345046192,3.746901146403081,3.7660908118586223,3.8853226032312764,0.587890625,0.60693359375,,,3.736328125,0.40614540183642034,0.3365982316892359,7.162105003080282,3.612699758163429,0.5044187088306687,0.03667365688497792,0.015953735125362935,1.5318451188535835,0.5663156863161964,0.9943732213928778,0.8875732301787029,0.994315094502312,0.8871246657300816,7.160635460793889,3.610697325706884,0.5042425837031189,0.03659976098796225,0.01593636584790889,1.531544471174917,0.5665752050607433,0.9934586155542942,0.888220709204238,0.993538464961671,0.8879484489772146
42,train,baseline,0.304814875125885,93.875,93.875,1.068359375,2.478515625,2.478515625,27,9,3.72265625,9.0703125,3.7223526122971724,3.722419637888778,3.723037348071049,3.7488391142469317,3.7191989637685308,3.721372619378272,3.740435772276755,3.860158279867445,0.58935546875,0.60888671875,,,3.720703125,0.4018922031426036,0.3231248087395907,7.162105003080282,3.5860645529692023,0.5006998014448134,0.03897107536481048,0.0168912088041222,1.5092781084488198,0.5562391452883308,0.9943623490610944,0.880934515851689,0.9945121212099766,0.8806763472832881,7.161175291984035,3.58563855821192,0.5007053188916568,0.039121977047216205,0.016930697635321932,1.5082678735887871,0.5552115254241672,0.9939695052438138,0.8779275138609923,0.9937886687784037,0.8776652067992886
43,train,baseline,0.29502737522125244,93.8125,93.8125,1.0595703125,2.478515625,2.478515625,25,9,3.703125,9.0703125,3.7038367800433276,3.703903994665458,3.7045197491049455,3.730400606747825,3.6953608405580805,3.6975424647404633,3.7165225019554393,3.836830207110669,0.591796875,0.6103515625,,,3.705078125,0.3925543817207358,0.3244797083435821,7.162105003080282,3.6091954426769997,0.5039294231409278,0.03829370688159717,0.016884033381225415,1.5308825332906677,0.5724587004684305,0.9943657863785953,0.9125801933726763,0.9945799864864036,0.9123573149193911,7.1609892502914025,3.608514697179368,0.5039128772651804,0.03780456786246145,0.0166739202995689,1.5316708299283537,0.5726966720224412,0.9935609046669613,0.9117635749601007,0.9939795446348896,0.9114627071621781
44,train,baseline,0.30015480518341064,94.25,94.25,1.05078125,2.478515625,2.478515625,25,9,3.724609375,9.0703125,3.725271844206256,3.7253389238392396,3.7259567450209934,3.751771871229009,3.724585631299311,3.726758426239504,3.745796781264699,3.8654640929407913,0.58935546875,0.6083984375,,,3.7265625,0.394646999446741,0.3266324738620835,7.162105003080282,3.5861748967965528,0.500715208064418,0.03595013832809535,0.015542305939383052,1.510219591323363,0.5553847210151677,0.9943731911913698,0.8763869240053448,0.9936922813388724,0.8754003020975103,7.161255360744948,3.583780226991796,0.5004402226230618,0.034145722787927824,0.014764700781183342,1.5096228231987583,0.5553061565634867,0.993871258980918,0.8762301305005034,0.9936722075547939,0.8754746376126907
45,train,baseline,0.2919062376022339,94.25,94.25,1.0419921875,2.478515625,2.478515625,22,9,3.7265625,9.0703125,3.726239668432166,3.7263071167789006,3.7269293424358594,3.7528013377538265,3.7294285491295986,3.731600946896368,3.750713496855536,3.8702688999068484,0.58935546875,0.6083984375,,,3.7265625,0.387325799695369,0.3273972677724061,7.162105003080282,3.6074107874055037,0.5036802428691043,0.0422483879804787,0.01842941394360363,1.5249120057959962,0.5650701326378741,0.994364425458663,0.8925904166869361,0.9936233720695666,0.8915243057805545,7.161610462605854,3.6057392412488354,0.5034816205204263,0.0420534287154819,0.018328876482352464,1.5226272989857295,0.5638558749095454,0.9941910323189838,0.8912332892812929,0.9928312386994085,0.889681028203169
46,train,baseline,0.2821469008922577,94.125,94.125,1.033203125,2.478515625,2.478515625,23,9,3.708984375,9.0703125,3.708568783767432,3.708636523434676,3.7092568736376683,3.7352159225380914,3.7008601522189406,3.703045574732652,3.722098149591629,3.84244460884408,0.5908203125,0.60986328125,,,3.708984375,0.3890197359810597,0.3301706674376194,7.162105003080282,3.6221507556579393,0.5057382925969561,0.03672127337137088,0.016254106535004333,1.5408587975794088,0.578100832387977,0.9943733080913537,0.9200538179109392,0.9944442267675306,0.9196931430305356,7.160917935677632,3.622369333789657,0.5058526527363248,0.036116356983826314,0.015989350583791008,1.5410423468757237,0.5781391303591299,0.9935520452889328,0.9191352798495743,0.993917806282302,0.9186091818921975
47,train,baseline,0.2830762565135956,94.0625,94.0625,1.025390625,2.478515625,2.478515625,19,7,3.703125,9.0703125,3.7019655104479177,3.7020331687768517,3.702650395406376,3.728615603564227,3.710254567083413,3.712432220068669,3.731392149563922,3.8514297658167576,0.591796875,0.61083984375,,,3.703125,0.4020635448764011,0.33123237267285355,7.162105003080282,3.616349830657986,0.5049283456613194,0.036039569243783376,0.015958893743403684,1.5373420812073224,0.5769816304538797,0.9943733150277012,0.9208418061317224,0.994633008640899,0.9206551915288546,7.161137870201828,3.6147269393406187,0.5047699129466338,0.0351198495020455,0.015547918076846497,1.5365469848820146,0.576479893926634,0.9937907828444228,0.9195100014715302,0.9944755850524105,0.919261042966659
48,train,baseline,0.295746386051178,94.1875,94.1875,1.0166015625,2.478515625,2.478515625,25,10,3.708984375,9.0703125,3.7096218891665615,3.709689332953129,3.7103077294270195,3.7362148693035007,3.7135617990229206,3.7157390414418017,3.7347676929645703,3.854698412827701,0.5908203125,0.60986328125,,,3.708984375,0.3922468188590159,0.32701363372702363,7.162105003080282,3.622741972595823,0.505820840526319,0.03768085746619931,0.016682398932935504,1.5458967979533167,0.5800955455123155,0.9943732861654739,0.9204629286319126,0.9945287167971442,0.9201800978555563,7.161010363658103,3.6198588702783936,0.505495549713077,0.03747077338228344,0.016574865123317982,1.5454420557231066,0.5795638334756621,0.9934783011987882,0.9183125101480667,0.9942720508922749,0.9181866749683886
49,train,baseline,0.28447410464286804,94.375,94.375,1.0087890625,2.478515625,2.478515625,26,10,3.728515625,9.0703125,3.7292587752089625,3.729326083335147,3.7299490383750458,3.7557901859427245,3.7252049977899113,3.7273811435340596,3.746545531450419,3.8662366379324924,0.5888671875,0.60791015625,,,3.73046875,0.3985975889619283,0.3366306520544999,7.162105003080282,3.6027055546737072,0.5030232806031542,0.044997128475649184,0.01956037004271675,1.5217527434389888,0.5622369129162632,0.9943732377419519,0.886250069557625,0.9942210911192957,0.8857190049309288,7.161618131058364,3.5969950592111735,0.5022601028686235,0.0447400711594943,0.019409965398981616,1.5177556971562733,0.5598284981554892,0.9941021229526843,0.8824633914312169,0.9942251838624196,0.8820343777338029
50,train,baseline,0.2681869566440582,94.3125,94.3125,1.0,2.478515625,2.478515625,24,10,3.70703125,9.0703125,3.7068740045607136,3.7069415973903426,3.7075614684576563,3.733503123622226,3.707176367199688,3.7093536008069616,3.7283763844215025,3.848392105064314,0.59130859375,0.6103515625,,,3.705078125,0.39890278713302757,0.3333894581893539,7.162105003080282,3.6217161189249434,0.5056776069838844,0.04574960908289594,0.020268935950596447,1.536522670697832,0.5769221503211173,0.9943590845009158,0.9218065690032385,0.9942899920775563,0.9213146534937147,7.161461093590431,3.6217101513362038,0.5057222407558236,0.044708571185056556,0.019808560989204055,1.5355384526125881,0.5765705766193228,0.9940955671683982,0.9213123330840839,0.9941757332466654,0.9210323561295275
1,test,,2.7729270458221436,47.90625,47.90625,1.5,1.3955078125,1.3955078125,6,5,1.4873046875,5.42578125,1.4852295670648106,1.485523059090348,1.4856714180395874,1.5447857323528211,1.4764743885338842,1.5187890368683292,1.5397098760008183,2.1190667860707117,0.72607421875,0.84375,6.1015625,1.94921875,1.4853515625,0.24554784290572518,0.11736534883766547,5.50434055893928,1.4607510843810236,0.26538166901913485,0.0010731871053026865,0.0016088223878706785,0.0013919411209064592,0.0014107211366994462,0.9350999992690507,0.9728736412825087,0.9457346912927704,0.9731704905825981,5.171642114997302,1.4609140497691198,0.2824855272820598,0.0009740222892755668,0.0014900626971152769,0.001155726616282493,0.0013494931078952875,0.8187575061987067,0.9643381294214307,0.8138018847178241,0.9641287574260858
2,test,,2.616791248321533,46.28125,46.28125,1.4873046875,1.3955078125,1.3955078125,3,3,1.4814453125,5.42578125,1.481914868611888,1.4822092300363663,1.4823576765940265,1.5415597623818686,1.4764743885338842,1.5187890368683292,1.5397098760008183,2.1190667860707117,0.72705078125,0.84423828125,1.5244140625,1.4775390625,1.48046875,0.24926203948968692,0.1195746118408037,5.50434055893928,1.460411871297474,0.2653200425481857,0.0008717971116301015,0.00131346771881006,0.0012031999379855662,0.0012235588770481232,0.9351003706608463,0.9762528413694496,0.9457350626845695,0.9765136040147533,5.152290947638231,1.4603216032023552,0.2834315099910565,0.0007718126549596249,0.001139448589061746,0.0010153418479337262,0.0012627474555280528,0.7876972932922461,0.9753711488112649,0.7017778628019586,0.9724389176071833
3,test,,2.577136516571045,47.90625,47.90625,1.4755859375,1.3984375,1.3984375,6,3,1.55078125,5.4609375,1.5476353772036329,1.547920346978689,1.54807237642355,1.6061581457018224,1.5385275222608712,1.5806049511625986,1.6029030211288717,2.1771371035933513,0.7158203125,0.8369140625,1.53125,1.515625,1.5556640625,0.2451659390453032,0.1187242282293587,5.50434055893928,1.4732918204232426,0.26766000479940416,0.0038140236677257633,0.005313750135212713,0.006174706140249064,0.005952161633216402,0.9350990880603103,0.9241260302656681,0.9457337800840291,0.9249151642061216,5.224246561941839,1.4666475083565285,0.28073856985252615,0.0025550835771852576,0.003500490633540848,0.0029302393827421724,0.0031736857446915986,0.8402948034749658,0.9119504303892004,0.8357029414494486,0.911509443874132
4,test,,1.363872766494751,58.34375,58.34375,1.462890625,2.201171875,2.201171875,16,10,2.458984375,7.81640625,2.4576246095820675,2.4578847606353182,2.458468122215295,2.511262369900015,2.450113702735406,2.4896375600594522,2.5755068328637094,3.0411451496064323,0.685546875,0.7412109375,2.6796875,2.3984375,2.4609375,0.6470265599585764,0.5376213063024096,5.50434055893928,2.0035095231829945,0.36398720277749,0.00365898333311776,0.003327597014915402,0.004903819622366079,0.0034553135833353026,0.9350716298576103,0.6709300590666396,0.9455814969746932,0.6733331510499438,5.363516865795898,2.0033055974639233,0.3735059752005927,0.0035240054171890023,0.0031893978279301555,0.005168826464521992,0.003948513216935307,0.8629833499067834,0.6549299391439153,0.8459084730208248,0.6502483873418531
5,test,,1.2797170877456665,63.65625,63.65625,1.451171875,2.201171875,2.201171875,23,10,2.546875,7.81640625,2.5473670135138207,2.5476095453842493,2.5481531289164194,2.598848107767828,2.376147867742443,2.4157952522739556,2.4960567411779357,2.9701207085477552,0.673828125,0.73193359375,2.162109375,2.21484375,2.552734375,0.6459943317375518,0.5387042595292721,5.50434055893928,2.07138754571692,0.3763189293135033,0.007029405954267709,0.006234103433301847,0.039618180316750795,0.0273758075732703,0.9349575464836661,0.6576430152034125,0.9441744445545277,0.6591950959304359,5.411948231214208,2.055933504718163,0.3798878734390443,0.008057507428500088,0.007212641563010698,0.03144094119975804,0.02231562921797542,0.911157125388697,0.6522433404976347,0.8941695819575415,0.6477654832118007
6,test,,1.2068760395050049,61.8125,61.8125,1.439453125,2.201171875,2.201171875,33,10,2.875,7.81640625,2.8717899142389283,2.872023225004244,2.8726138539953734,2.9213173669155146,2.6660383900726723,2.704744566022241,2.792608205152951,3.2432587355483746,0.6318359375,0.69775390625,2.33203125,2.353515625,2.888671875,0.6381281483896397,0.5381996907838859,5.50434055893928,2.1555287490185346,0.39160526605096513,0.01041100018768315,0.007626306445452688,0.07531951561963535,0.04470618943796559,0.9350906966947949,0.5635626144887226,0.9454158245830673,0.5661566952045529,5.384714698571326,2.136127186988529,0.39670201794633375,0.009989702289846747,0.007097115558588602,0.07714586954853875,0.04709944769624983,0.8822543243613401,0.5451634718714373,0.9074995637605738,0.5519811728946593
7,test,,1.5448074340820312,69.6875,69.6875,1.427734375,2.201171875,2.201171875,43,9,3.76953125,7.81640625,3.7668139098392657,3.7670330399806975,3.7680016672614816,3.81247520376545,3.6016787057868944,3.6378455758211756,3.783926839937598,4.130635081998269,0.517578125,0.603515625,2.68359375,2.673828125,3.76953125,0.6117975376603962,0.5263520712901106,5.50434055893928,2.398257742039147,0.4357030086273052,0.02490398422462814,0.012419814082841575,0.20899171923816162,0.08989642734823322,0.935087097107715,0.40668582853590224,0.931580737072939,0.4032955225156418,5.41505325115455,2.2936978077345316,0.42357807049182566,0.035338439482353934,0.01615479119726551,0.208994346396298,0.08766335533453475,0.9098311762512816,0.3801397058217727,0.9332165215229589,0.3847490279230733
8,test,,0.9303802847862244,77.0625,77.0625,1.416015625,2.201171875,2.201171875,23,8,3.474609375,7.81640625,3.4635838684965945,3.4638273106326007,3.465025012505512,3.5129729223285375,3.4384425502978013,3.475304785198858,3.6425790093435992,3.9790169433556266,0.5556640625,0.634765625,2.72265625,2.611328125,3.482421875,0.6015185387635482,0.5248976880824033,5.50434055893928,2.7190035431586446,0.493974439634348,0.01688172838940183,0.01211854625931,0.3639267407937661,0.21249051629514637,0.9350944712915643,0.5542429660611403,0.9408444900415658,0.5541580412928537,5.458136918876951,2.660880879814232,0.48750716945402794,0.01198162099800193,0.008109641181923095,0.3350168819129973,0.1920207351487678,0.9260709562898066,0.5323228300591188,0.925824978708695,0.5339654274089561
9,test,,0.9660582542419434,76.625,76.625,1.404296875,2.201171875,2.201171875,28,8,3.50390625,7.8203125,3.5120973504382453,3.5123462432760975,3.513622397666458,3.5619779030134744,3.396980098886074,3.434010012436685,3.6027664602892635,3.9403973788382123,0.5517578125,0.63134765625,2.443359375,2.392578125,3.505859375,0.5639735008431637,0.5100082615946276,5.50434055893928,2.7793696823244645,0.5049414462211376,0.044956729192798583,0.0329156762796955,0.39281459953505315,0.2330636651569095,0.9347145899520104,0.5631072718917071,0.9314562830403315,0.5575721260124646,5.431675980956061,2.690121073261118,0.49526538083142696,0.02971090431222656,0.020704038895218223,0.3701716948232461,0.2156513337812846,0.9082124606295201,0.5275583072521712,0.8708813061848115,0.5068904051733272
10,test,,0.8122133016586304,79.375,79.375,1.392578125,2.205078125,2.205078125,19,7,3.349609375,7.84765625,3.3546423389343984,3.354898954756128,3.3561656569450444,3.40581083912031,3.278274015476829,3.315857976910224,3.4863896494945648,3.8305072652619305,0.5732421875,0.64794921875,2.3203125,2.3203125,3.34765625,0.5736090838613218,0.512923684470808,5.50434055893928,2.8942314989227897,0.5258089444016025,0.019547640660881882,0.01778071932578727,0.47691480001435327,0.3360929415118348,0.9344423878099084,0.670581288169657,0.9421438560240558,0.6709872680173268,5.439684586852365,2.8645782016827854,0.5266074081953993,0.020517130192424737,0.01833695955890182,0.4655167505924638,0.33530666752713834,0.8979263617838562,0.6470069346376662,0.9130769961945546,0.6491138887886888
11,test,,0.7096953392028809,85.1875,85.1875,1.380859375,2.40234375,2.40234375,18,7,3.626953125,8.8515625,3.6301570355626946,3.6304131227039265,3.6323780334082714,3.680702167724633,3.5964455704378815,3.633276912441001,3.8889489190088113,4.133720503237509,0.59033203125,0.61865234375,2.27734375,2.203125,3.626953125,0.42764952645235693,0.35722810497646706,5.50434055893928,3.3155132309153212,0.6023452210875267,0.0118855069664221,0.01248662102869619,0.7260934702041633,0.5710601969567848,0.9348235138141909,0.7502789593778522,0.9453484221334048,0.7523049957967419,5.479778908280905,3.2891122387331606,0.600227179560609,0.007540480874119737,0.007744748816875596,0.6674897430310356,0.5245119569492429,0.9348273422814559,0.735379776999791,0.9347400001968387,0.7351707738092771
12,test,,0.8091321587562561,86.5625,86.5625,1.369140625,2.41015625,2.41015625,18,8,3.58203125,8.8671875,3.584134172381765,3.5843908990345743,3.586323711122443,3.6349003525959627,3.5637052634211113,3.6006485506864587,3.8541332616212856,4.102960229608482,0.595703125,0.623046875,2.142578125,2.15625,3.583984375,0.41722704547864126,0.34951262613798595,5.50434055893928,3.3626994691489944,0.6109177717370393,0.011307262572450405,0.013246015828112476,0.7470767642669962,0.6367535558232197,0.934756585557067,0.8144295728284716,0.9445773835598077,0.8154306188722408,5.487395392981729,3.3609709692461776,0.6124893011254107,0.011735291228560207,0.01361007313690173,0.7353914032954778,0.6233611113256275,0.9335150009442277,0.8030770413199227,0.9459451367933784,0.8047452155783709
13,test,,0.6668452620506287,83.3125,83.3125,1.3583984375,2.412109375,2.412109375,16,6,3.59375,8.8671875,3.5965739602781244,3.5968316989838285,3.5987828350243967,3.6473721954635985,3.559595453415567,3.5965506223930155,3.8506693626068538,4.099086111485656,0.5947265625,0.6220703125,2.125,2.142578125,3.591796875,0.41504170337311636,0.3482684560246696,5.50434055893928,3.353765472086123,0.6092946895590368,0.011504131654619165,0.013064751836835994,0.7434473257640191,0.6194510790803877,0.9346496764389434,0.7956794053455413,0.9447391973349761,0.797052667894664,5.4873544996372585,3.322918052895885,0.6055592094725329,0.017320186788380987,0.018983799068485886,0.7329375779441021,0.6034152250011146,0.9298096750129554,0.7737104157863769,0.9422206556057091,0.7822969004307212
14,test,,0.6041826009750366,84.0,84.0,1.3466796875,2.412109375,2.412109375,19,7,3.60546875,8.8671875,3.6056084827379364,3.605865508931834,3.607811658361904,3.65635833052649,3.597461635171686,3.6342931057913463,3.890705469040674,4.134738412446425,0.59375,0.62109375,2.123046875,2.130859375,3.603515625,0.4134983583918648,0.34774194333472275,5.50434055893928,3.3464276680542078,0.6079615954393427,0.013365033860554654,0.014930374072082666,0.7359036676854167,0.6057911099232614,0.9347384332336262,0.7859791913083399,0.9446133044314076,0.7872428162095964,5.4773987617359605,3.3365927685149264,0.6091564470024919,0.020124577599529125,0.021903498358735344,0.7248649792653055,0.6040154080956027,0.9225072489980546,0.7780643581478756,0.9422553092621104,0.7808562336322198
15,test,,0.5776849985122681,84.0,84.0,1.3359375,2.41015625,2.41015625,15,6,3.59375,8.8671875,3.593300629166179,3.5935596126388165,3.595510017567861,3.6442902039693994,3.5416527346108917,3.5787090572463423,3.8333088507155697,4.082666274100517,0.5947265625,0.6220703125,2.1328125,2.14453125,3.595703125,0.412454399611564,0.34831065733166533,5.50434055893928,3.3476599741189883,0.6081854744038772,0.01321350421742018,0.01493438907852947,0.7374535539279092,0.6123024720527458,0.9350613118022526,0.7931781874504125,0.9444617178602597,0.7939896115752251,5.476645469079798,3.321934713635133,0.6065637683487469,0.015228626581130555,0.0164618756979371,0.7075396573478416,0.5824514941115412,0.9313995942394389,0.7734871664934356,0.9426193068683046,0.774984371484864
16,test,,0.5721394419670105,84.9375,84.9375,1.3251953125,2.41015625,2.41015625,20,7,3.611328125,8.8671875,3.6113952279946786,3.61165462592547,3.61362590347601,3.6624045691668194,3.5776476506428847,3.61455593352083,3.868887711599379,4.116207129255844,0.5927734375,0.6201171875,2.13671875,2.158203125,3.611328125,0.4138954877998841,0.34922740596567126,5.50434055893928,3.4452854137739974,0.625921557157053,0.001085354219990009,0.0013509044127777894,0.7855769431561832,0.699502006745453,0.9350442950202185,0.8519478948283714,0.9434331302566621,0.8513420606604835,5.493240437838071,3.4311185553307237,0.6246073868707412,0.0031274905110354467,0.0037931332133161687,0.7941696843635198,0.7018494963770779,0.9412298971726827,0.8422580532612868,0.9450425629334314,0.8410155966051205
17,test,,0.5596203804016113,84.75,84.75,1.314453125,2.412109375,2.412109375,18,8,3.599609375,8.8671875,3.6007696117912826,3.6010296632429513,3.6029848584916007,3.6518396123742476,3.577588173041565,3.614468309387665,3.8683109474920863,4.115832005554202,0.59423828125,0.62158203125,2.16015625,2.16015625,3.6015625,0.41320334017740407,0.34743521515779013,5.50434055893928,3.3871711049225,0.6153636514044525,0.011993459396519413,0.014115675955868037,0.7472996031572414,0.6391113305051872,0.9350530017191394,0.8175223615027359,0.9447061658873706,0.8183531535649287,5.474302342538195,3.385619050361261,0.6184567162199334,0.01185359233105121,0.013718731379454537,0.7379861111593629,0.635474338371666,0.9302852134737396,0.812080994255831,0.943553908688922,0.8135745790335585
18,test,,0.5847593545913696,84.75,84.75,1.302734375,2.412109375,2.412109375,17,8,3.611328125,8.8671875,3.611879721486552,3.6121402483576426,3.6140971912205884,3.662956436207083,3.555269392632291,3.5923176802530046,3.843509046306965,4.095880107660578,0.5927734375,0.6201171875,2.125,2.142578125,3.609375,0.4081351635268661,0.3465538472773371,5.50434055893928,3.3840394654207353,0.6147947114073299,0.011100411138160737,0.012909425912686442,0.74719254785298,0.6334864328117361,0.9348758900733989,0.8101333333478354,0.9424251212817296,0.8092177607536558,5.485872673276675,3.38086373671844,0.6162854914930195,0.006503602257229346,0.007522986616607621,0.7302658736829333,0.6238651862349203,0.9319105258123859,0.8023590828880611,0.944287829056611,0.8023066249667568
19,test,,0.5569091439247131,86.125,86.125,1.2919921875,2.412109375,2.412109375,18,7,3.638671875,8.8671875,3.6406385085923234,3.6408998423749606,3.642916804130846,3.6916883104147376,3.574477521525302,3.6113955042676387,3.8680879438242566,4.11322953141323,0.58984375,0.6171875,2.119140625,2.14453125,3.640625,0.40592585246440743,0.3459480013749755,5.50434055893928,3.431957317983389,0.6235001779477011,0.005131676982490951,0.006030386579675623,0.782040918207219,0.6680720305546346,0.9350440894399705,0.8165761603375166,0.9398835972272286,0.8132496195842562,5.485698783038785,3.4262529528866152,0.6245791262692432,0.005417520028696998,0.006319303616477276,0.7676222464894682,0.6644422300111272,0.9271238972970481,0.8149666567190843,0.9435205533306066,0.8130895476418386
20,test,,0.6197295188903809,84.9375,84.9375,1.2822265625,2.412109375,2.412109375,21,7,3.658203125,8.8671875,3.6559191843185053,3.6561788729054743,3.658210260481036,3.7067850034551606,3.6559837135983244,3.692611598483846,3.9548513449789215,4.189703146086646,0.58740234375,0.615234375,2.119140625,2.130859375,3.662109375,0.40760618719222774,0.34734543041544175,5.50434055893928,3.423086101383164,0.6218885013980338,0.007898727379038739,0.009051011921389667,0.7695177310580732,0.6453986248750153,0.9346895715969143,0.8010716004703033,0.9431800793506113,0.801047274679765,5.489671244042331,3.4080239954631537,0.6208065736471403,0.014383582798695116,0.0159121559044015,0.7601823542503183,0.6351508378621895,0.9335029009948146,0.7908925264982188,0.9483361708481564,0.7919312332438294
21,test,,0.5730701088905334,84.9375,84.9375,1.271484375,2.412109375,2.412109375,18,8,3.64453125,8.8671875,3.6442776196748192,3.6445374831207333,3.6465599543841756,3.6951951431983194,3.6416535490353708,3.6784064398531173,3.944178294707688,4.177125187406018,0.5888671875,0.61669921875,2.109375,2.1328125,3.642578125,0.40618259845241816,0.3457888925419711,5.50434055893928,3.4120943464305524,0.619891576455815,0.012906891659512532,0.014753292502755087,0.7624345833120749,0.6383025411109513,0.9349557275604816,0.7998202419325282,0.9403967633549284,0.7972220502542792,5.484270474025655,3.3866736437242566,0.6175249123404949,0.010286116467396411,0.011267404724208915,0.7424023442036125,0.6140529954680739,0.9275221957999635,0.7794037042437982,0.9385926318012627,0.7781321774430587
22,test,,0.5967395901679993,84.9375,84.9375,1.2607421875,2.412109375,2.412109375,16,8,3.666015625,8.8671875,3.6609095699612526,3.661169926607229,3.663221579372696,3.7118373164190244,3.628011233605048,3.66476981030801,3.928063231329336,4.1638392485216364,0.5869140625,0.61474609375,2.107421875,2.126953125,3.66796875,0.4061026575391893,0.34643771347978514,5.50434055893928,3.4257320355415692,0.622369200971411,0.01024928937919345,0.011605652784731545,0.7718930909095096,0.6417719296186125,0.9349691252808823,0.7942055886363081,0.9426220482568679,0.7935378329402442,5.475617795877346,3.4163156562514665,0.6239141926274783,0.014838576553525051,0.016382598369751193,0.7577491819709392,0.634327410438418,0.9237280323717476,0.7855145786778298,0.9427609015860403,0.7868210733134913
23,test,,0.5855746865272522,86.5625,86.5625,1.25,2.412109375,2.412109375,18,8,3.69140625,8.8671875,3.6922456474985426,3.692505243824127,3.6945891674478593,3.7430172553801104,3.6526125109918572,3.689306754162665,3.954091497673924,4.187163222050691,0.58349609375,0.61181640625,2.109375,2.13671875,3.689453125,0.4036984405632005,0.3448740195547312,5.50434055893928,3.42951411837057,0.6230563101334446,0.01661659342277666,0.018351158888177975,0.7620906213607084,0.6220624213139736,0.9350994098465817,0.7795168911779582,0.9450204184292303,0.7808646480885973,5.478742156379518,3.414894396659233,0.6232989798001145,0.017362050492021552,0.01851823283890364,0.7487463311419491,0.6139397618633938,0.925537745698854,0.7691309062662895,0.9412881711405454,0.7712776138752784
24,test,,0.7746086716651917,85.4375,85.4375,1.240234375,2.412109375,2.412109375,19,8,3.76171875,8.8671875,3.7607947137310553,3.7610525424921915,3.763221176929131,3.811245110983954,3.7475984142129377,3.78406388145041,4.066022317709388,4.277602486514302,0.576171875,0.6044921875,2.109375,2.130859375,3.76171875,0.40356029351236256,0.34497456391429593,5.50434055893928,3.451633152185935,0.6270747812978865,0.016638628155772217,0.01748542335445627,0.7701240733621653,0.6058267363220348,0.9350617577081071,0.7506433469443945,0.9448342571571562,0.7520678610216112,5.48218685026602,3.4257365785737632,0.6248850453551271,0.01815684996565725,0.018808018659285552,0.7352847804985982,0.5788957726812697,0.9248665293993614,0.7356026483728314,0.947398127952054,0.7393880989049282
25,test,,0.5802041292190552,85.625,85.625,1.2294921875,2.412109375,2.412109375,20,8,3.75390625,8.8671875,3.7530569286114637,3.7533168420644674,3.755498258276138,3.803720632867576,3.7601093018559366,3.796486410557619,4.076856995897833,4.288844813605312,0.57666015625,0.60546875,2.11328125,2.138671875,3.75390625,0.40381138258156446,0.34518289950637177,5.50434055893928,3.4615945990846195,0.6288845252248872,0.015349388687347698,0.016406336855923503,0.7749809959726708,0.6174159878138419,0.9350992806560301,0.7604374890194153,0.9437077229935005,0.7608578834152921,5.480474206378796,3.4465008685539167,0.6288690975942354,0.014848506387117766,0.015619424326086725,0.7580734126121227,0.609920009881323,0.9267408286554284,0.755777696559287,0.9467984758304127,0.7590145237693205
26,test,,0.6372366547584534,84.0,84.0,1.2197265625,2.412109375,2.412109375,17,8,3.75,8.8671875,3.7449249461524494,3.745185536723527,3.747378360124713,3.7956872852218644,3.715846774334361,3.7524203617331553,4.032353894486791,4.247755273975202,0.5771484375,0.60546875,2.125,2.150390625,3.751953125,0.4019950299700643,0.3445358040634712,5.50434055893928,3.4477688846232875,0.6263727412403591,0.018491128534751766,0.019564645989411003,0.7641092887763818,0.6041566332643569,0.9350443648236242,0.7545311833420331,0.9440369350031155,0.7553059524532024,5.474234722434982,3.432795942198291,0.6270823441548296,0.015073981218311161,0.01569890192306637,0.744414697700071,0.5888006578968723,0.9314962452445794,0.7436913765631742,0.9366449105459766,0.7437536721295755
27,test,,0.6085347533226013,85.625,85.625,1.2099609375,2.412109375,2.412109375,21,10,3.828125,8.8671875,3.8241793583598986,3.824436552645042,3.8266658515271303,3.874410936570377,3.7551759445307042,3.7916504490755285,4.0739096770908265,4.285115986662991,0.568359375,0.59765625,2.140625,2.177734375,3.8359375,0.405205221370237,0.3474854501832868,5.50434055893928,3.469185893877221,0.6302636722292042,0.01957267867550261,0.019568748339247523,0.7726916312149426,0.5854501798495774,0.935099172948509,0.7224693027863036,0.9439880538416707,0.7233932058902129,5.484557361974244,3.457247127621335,0.6303602824160909,0.018251664059689254,0.01806099262237813,0.7634187883466206,0.5781208050570276,0.9236784475400031,0.713240194342038,0.9449936746474199,0.7168986175383503
28,test,,0.6635266542434692,84.0,84.0,1.19921875,2.412109375,2.412109375,20,9,3.80859375,8.8671875,3.8071815620526683,3.8074402556363904,3.8096796600284377,3.857590507866328,3.7985314221873567,3.8348134037890027,4.1201555709350455,4.32537692467156,0.57080078125,0.599609375,2.126953125,2.13671875,3.8125,0.40083483453197727,0.34388017126988296,5.50434055893928,3.47601952743264,0.6315051712756833,0.020407731316654854,0.020946511681249697,0.773294309623779,0.5976451140715127,0.9350443404005393,0.737191443915949,0.9445714532020091,0.738510661809566,5.489922113417052,3.447237720937695,0.6279210614869828,0.007744901255449577,0.007604448071151752,0.763083806189047,0.5791534681712639,0.9382094862180015,0.7227039840138773,0.9398789365198059,0.7224530894464529
29,test,,0.5504956841468811,84.9375,84.9375,1.189453125,2.412109375,2.412109375,18,8,3.810546875,8.8671875,3.8115996644457977,3.8118597744801757,3.8141159014375376,3.8621858070798725,3.8258482127741176,3.8620321062122933,4.14917918578231,4.3509888093754405,0.5703125,0.59912109375,2.126953125,2.1484375,3.80859375,0.4025894634886986,0.3455095135234672,5.50434055893928,3.481851181574694,0.6325646359072064,0.018609223662961583,0.019226411248885734,0.7787930995097936,0.6048771030581963,0.9350766017792651,0.7409433391350504,0.9447793359836361,0.7423758147612425,5.480932818742364,3.4778652696536527,0.6345389342779195,0.013071426277763365,0.013440923719258084,0.7817797436620371,0.6097093424021753,0.9261046348566069,0.7353840807470385,0.9414310852627921,0.7380135964633358
30,test,,0.624056875705719,84.9375,84.9375,1.1796875,2.412109375,2.412109375,18,8,3.818359375,8.8671875,3.81487917068909,3.81514030391501,3.817402456153303,3.865534054985119,3.7617773735053834,3.7982061427748537,4.080910180557537,4.291052655915584,0.56982421875,0.5986328125,2.12109375,2.14453125,3.818359375,0.4021665202465288,0.34554692084020994,5.50434055893928,3.494571893393796,0.6348756687517209,0.015233558110825385,0.015922533965656537,0.7787162585272434,0.6101102230563245,0.9350997923596438,0.7475781781199842,0.9451508751636037,0.7492435473304814,5.493215135025629,3.4704531992459744,0.631770850756928,0.012267113444464073,0.012231872472013934,0.7688987991024474,0.5902181720326468,0.9457320606667539,0.7329328927040609,0.9417234558160166,0.7317118916659286
31,test,,0.6201876401901245,86.125,86.125,1.169921875,2.412109375,2.412109375,20,8,3.78125,8.8671875,3.7800235512454243,3.7802858583509957,3.782535834551637,3.830918260192964,3.7107593501826557,3.74740268377829,4.0290425536626975,4.243566577608985,0.57373046875,0.6025390625,2.109375,2.125,3.779296875,0.40298180563314273,0.3456670826213396,5.50434055893928,3.480059809955884,0.6322391888169275,0.01825415106190942,0.019356477644048076,0.776335267954039,0.6148337147557937,0.9350999616208906,0.7558436084231187,0.944798788321414,0.7571744859039735,5.480468490178213,3.4682770220324484,0.6328431644572173,0.012351589003935182,0.012827426103948075,0.7652002896623609,0.6090850420681627,0.9241604281400049,0.7455845719441342,0.9411261093920711,0.7488112781135938
32,test,,0.6432529091835022,84.9375,84.9375,1.16015625,2.412109375,2.412109375,21,10,3.79296875,8.8671875,3.7948924839896376,3.79515396956181,3.797418763638888,3.8456490190469887,3.78129965511728,3.817651781261596,4.102546625446291,4.309295666486105,0.572265625,0.60107421875,2.103515625,2.1328125,3.791015625,0.4042347562754903,0.3462221850707177,5.50434055893928,3.495205836486993,0.6349908402398234,0.02221221869567458,0.023665464023479316,0.7700050156841094,0.6119815608464951,0.9350997439677187,0.7585776475651012,0.9451142909195465,0.7601438429596976,5.49345722622882,3.4781820780220825,0.6331499336001575,0.01904874457006489,0.019783816482056266,0.7828029241139447,0.6147805487163495,0.9374883137895713,0.7485246866020958,0.9474274066167236,0.749980032558514
33,test,,0.5975849032402039,85.1875,85.1875,1.1513671875,2.412109375,2.412109375,18,7,3.826171875,8.8671875,3.826007181715306,3.8262684156330993,3.8285690200542057,3.876689212331061,3.8217040092247463,3.8580172058961346,4.1515360055562,4.348438564409949,0.56884765625,0.59765625,2.115234375,2.154296875,3.828125,0.403963714930368,0.3465194409493516,5.50434055893928,3.493942469160211,0.6347613182265588,0.024103171294740378,0.024799837490619814,0.7710927074059377,0.5970370930832422,0.9350998907910926,0.7386151406359972,0.9451027289430511,0.7402975825508489,5.475031472677456,3.4877839385170937,0.6370345003352943,0.020422475113929472,0.02074490163533861,0.7676587666075854,0.5972600873319455,0.9295525056663267,0.7337693669455947,0.9312082466469684,0.7334616233514485
34,test,,0.6604043245315552,85.4375,85.4375,1.1416015625,2.412109375,2.412109375,17,8,3.79296875,8.8671875,3.7912332193640985,3.7914965162499406,3.793778066327029,3.8422173498641574,3.741904433559807,3.7783855304293312,4.060781579357693,4.272218690937412,0.572265625,0.60107421875,2.115234375,2.138671875,3.796875,0.4027868455672506,0.34533260243827135,5.50434055893928,3.482121979349363,0.632613833040227,0.020325232238491253,0.02125943899846413,0.7752441870185356,0.6077101916519924,0.9351000806103258,0.7479805828738426,0.9451490030378693,0.7496417327180431,5.4951711660755045,3.476125389150544,0.6325781825706248,0.02037160495508683,0.021207832867566945,0.7815324523431197,0.6177258815514252,0.9405539394488711,0.752784622176968,0.9438253700091099,0.7530210960976617
35,test,,0.6442542672157288,85.625,85.625,1.1318359375,2.412109375,2.412109375,20,9,3.7734375,8.8671875,3.7692480703829476,3.769511394764499,3.7717544597059716,3.82027446057311,3.741752263778852,3.778231886384364,4.059856253475609,4.27203767621751,0.57470703125,0.603515625,2.1171875,2.1484375,3.775390625,0.4021950924787194,0.3449448799880531,5.50434055893928,3.5190010553864184,0.6393138320032566,0.018719509206501783,0.020950315337457354,0.7767767006680204,0.6403009665015111,0.9351000708573753,0.7873674179794983,0.9450956072973451,0.7887211492001499,5.493409458664724,3.5143775383252076,0.639744327228694,0.023968947062500412,0.02640011683146915,0.7892138175501966,0.647713219182856,0.938901004578744,0.7858477304579924,0.9414766450318295,0.7859491443269238
36,test,,0.6422320604324341,84.75,84.75,1.123046875,2.412109375,2.412109375,18,7,3.732421875,8.8671875,3.73215342236684,3.7324181128040697,3.7346377716916925,3.783414400707927,3.6973045440700747,3.7339512571168814,4.011777522951573,4.23042274923078,0.5791015625,0.607421875,2.126953125,2.162109375,3.73828125,0.40144936687992,0.3447546868793958,5.50434055893928,3.4915031418705347,0.634318153915856,0.018896500812297212,0.021367806263737396,0.7852294400729445,0.6522010709407133,0.9351002846948262,0.7934975335931345,0.9449125428888783,0.7946527513628509,5.488703365246714,3.4888570571277264,0.6356432157034423,0.0226155300711115,0.025302061754201112,0.7921534094586455,0.6593051253975817,0.933337185691868,0.7928753320250171,0.9381153953397501,0.7930456233017464
37,test,,0.6187330484390259,84.75,84.75,1.11328125,2.412109375,2.412109375,17,7,3.751953125,8.8671875,3.7514349170945844,3.751699646739717,3.753959006347384,3.802671499051545,3.7308971416290677,3.7674617593316713,4.05072602208406,4.262383993994967,0.5771484375,0.60546875,2.119140625,2.15234375,3.75390625,0.4033230232420666,0.34575198578193433,5.50434055893928,3.5029697596742424,0.6364013494741477,0.02203117545083355,0.024687470022214227,0.7757236830705576,0.6400217740415609,0.9351002928539875,0.7881081788865208,0.945370369510103,0.7896859203122976,5.490568960791281,3.4862969050246453,0.6349609539413221,0.023733325654203163,0.02573629763968169,0.7814293258886025,0.6365318797781218,0.9340855922927469,0.7767079686070267,0.9464609058152087,0.7786843263744776
38,test,,0.6144275665283203,86.8125,86.8125,1.1044921875,2.412109375,2.412109375,17,7,3.693359375,8.8671875,3.69011520657128,3.6903806337197786,3.692579929460138,3.7415888158441852,3.6791019766508546,3.7157394900209484,3.9909603790719466,4.212523771589103,0.58349609375,0.61181640625,2.107421875,2.1328125,3.69140625,0.4022951149763696,0.344943204837685,5.50434055893928,3.50970847567064,0.6376256043915608,0.01934107502716209,0.023471346898471863,0.7868680187069499,0.6880303384412004,0.9351002946621421,0.836300822476465,0.9449012643052148,0.8371044983801332,5.49098353083629,3.5112778534433158,0.6394624630951204,0.023000687459179048,0.027769739737393762,0.7893385804335136,0.6938237379359792,0.9361939398467962,0.8388139089692132,0.9419144386170233,0.8388524877251434
39,test,,0.6713399291038513,84.9375,84.9375,1.095703125,2.412109375,2.412109375,16,7,3.70703125,8.8671875,3.7062805305059605,3.7065461683848024,3.708752508102529,3.7577177785488214,3.6676974403225104,3.704419484343005,3.9799158696966166,4.202311873176258,0.58203125,0.6103515625,2.103515625,2.12890625,3.70703125,0.4031600481765026,0.345452987577156,5.50434055893928,3.4988159034248305,0.6356466984483012,0.016211605552494568,0.01914937709239352,0.7844379800909174,0.6726384325252107,0.9351004239393417,0.8197629653889131,0.9450196820003764,0.8208063939082009,5.487606616657078,3.5107832332422104,0.6397658357261946,0.023684004704391803,0.02787357873986291,0.7954609708310247,0.6911456811920867,0.9362621490381287,0.827724183481677,0.9358252270841634,0.8273466411977819
40,test,,0.7096427083015442,84.9375,84.9375,1.0859375,2.412109375,2.412109375,16,7,3.6953125,8.8671875,3.6946734056936683,3.694939764265215,3.6971599278157723,3.746221951171866,3.7315520366177637,3.7680860876524314,4.049833572881692,4.262675205281039,0.58349609375,0.611328125,2.09765625,2.125,3.6953125,0.4032957888335875,0.34559048776651613,5.50434055893928,3.496335553830103,0.6351960814183104,0.021632983440247777,0.025714653762438186,0.7750442530327311,0.6676267534320355,0.9351004475536833,0.8236011647515985,0.9454670276837458,0.825004144256222,5.484613016738473,3.4885290775308713,0.6360574696672747,0.017871825122327323,0.020659427201877405,0.7826236470200989,0.6723040252951985,0.9340993001166256,0.8151124751103908,0.9386155479921978,0.8152917116687161
41,test,,0.7150636911392212,85.875,85.875,1.0771484375,2.412109375,2.412109375,16,7,3.666015625,8.8671875,3.664143899965402,3.664410815879963,3.666593063796642,3.715821789443696,3.6189506742064284,3.6558518906793287,3.9280601814391574,4.156637605028542,0.5869140625,0.61474609375,2.09765625,2.1328125,3.666015625,0.4036057858152375,0.34590961086495375,5.50434055893928,3.4691724197669402,0.6302612243228408,0.01804944771604511,0.0216213705103794,0.7636980880904369,0.6615423572805906,0.9351004624893378,0.8283243215187409,0.945575647493401,0.8297864989272566,5.488850000891589,3.457248821612153,0.6298676081602831,0.032483429107114326,0.03803152024049247,0.7551915814289885,0.6480006873796139,0.9307189620879193,0.8183500458893035,0.9421098591495003,0.8199653637013465
42,test,,0.7142292261123657,84.75,84.75,1.068359375,2.404296875,2.404296875,14,6,3.62109375,8.859375,3.6197167581783205,3.6199847672070256,3.622140657300025,3.6716459805931376,3.6062508686506893,3.6432125238656043,3.9156755421570804,4.144895022565166,0.59130859375,0.619140625,2.08984375,2.12109375,3.62109375,0.4085328341974263,0.3497150242764928,5.50434055893928,3.472980376053015,0.6309530340401539,0.015400091195344245,0.019545602648134378,0.7582498954902777,0.6846317424555982,0.9351005886480896,0.8642212505227368,0.9454596806906475,0.8652905455804708,5.479507675653094,3.452795848877182,0.6301288461039793,0.02703831966942616,0.0332078109604221,0.7506726790823048,0.6706179777759543,0.9286330471352384,0.8465750989618168,0.9323790730137098,0.8466681444258101
43,test,,0.7219362258911133,85.1875,85.1875,1.0595703125,2.412109375,2.412109375,15,7,3.603515625,8.8671875,3.6033732164281074,3.6036409363974817,3.60573490711146,3.6552868799699545,3.5879875936580197,3.6249317474682248,3.886879283293933,4.126771981301762,0.59375,0.62109375,2.123046875,2.15625,3.603515625,0.40158134928853895,0.3451013925481848,5.50434055893928,3.4703666368537918,0.6304781834797214,0.022087198440186917,0.028547274606629213,0.7854836887167718,0.7184324460942804,0.9351005527267953,0.8757135066909648,0.9454123520948334,0.876639702289478,5.484489603949567,3.486627295091539,0.6357250258220384,0.0340794956907251,0.044818411377801515,0.7895536010900841,0.7397991641885755,0.9294969658526142,0.8926003088246611,0.9384347234618522,0.8934787396274391
44,test,,0.8133636713027954,84.9375,84.9375,1.05078125,2.412109375,2.412109375,15,7,3.62890625,8.8671875,3.6310111039466593,3.631278043409871,3.6333839174824822,3.6827628077830386,3.5763896980805274,3.613421784528753,3.877633977686198,4.116433741214372,0.5908203125,0.6181640625,2.1328125,2.18359375,3.626953125,0.402529610659466,0.34554601749834435,5.50434055893928,3.448600781840994,0.6265238760055138,0.024327989342390666,0.029601778105153808,0.7749247365802292,0.6788854852340674,0.9351004133571204,0.837939867640517,0.9448814965405914,0.8387119795431681,5.4854101232915475,3.4512616793969095,0.6291711288354794,0.02789451332630488,0.03367378803607151,0.7667262483561634,0.6788629245349551,0.9400802550216101,0.8401902920479861,0.934650004667005,0.8382101640607325
45,test,,0.6776798963546753,85.4375,85.4375,1.0419921875,2.412109375,2.412109375,14,6,3.681640625,8.8671875,3.68126468478213,3.6815319940534166,3.683742749292123,3.732925971999542,3.6594420772758633,3.6962430757702918,3.9736057016159307,4.195137833357137,0.5849609375,0.61279296875,2.087890625,2.119140625,3.68359375,0.4022236812795842,0.34489807590647736,5.50434055893928,3.5260898379284247,0.6406016851922265,0.01718151931132894,0.021574099311000884,0.7850756901904186,0.7034605088477548,0.9351005927471938,0.8574929610314922,0.9450380452204401,0.8582360808424171,5.4807315606936235,3.522564665843002,0.6427179705544998,0.023843023514360517,0.029268347753503045,0.7837284476436341,0.7010786361467605,0.9278914657830972,0.8500364239218982,0.933559477718334,0.8502208399214783
46,test,,0.7596749663352966,86.3125,86.3125,1.033203125,2.412109375,2.412109375,16,8,3.669921875,8.8671875,3.6687103203317277,3.6689788517346584,3.6711843297843356,3.7205293207438865,3.6683206411506517,3.7050411934819523,3.980522968458012,4.202905425885664,0.58642578125,0.6142578125,2.078125,2.10546875,3.671875,0.4007632045529584,0.34362654034115125,5.50434055893928,3.4926006792679254,0.6345175488089659,0.02652833051818071,0.03233952097436031,0.7880043884616628,0.6912739175462279,0.935100600643139,0.8390943990105821,0.9456810205458073,0.8405671404084893,5.500306590905284,3.496675721353001,0.6357237844040782,0.03417235791154383,0.041260192800615235,0.7943252229164548,0.6970616521826191,0.9440978412563803,0.8444554450569699,0.9479114390370134,0.8448748921337944
47,test,,0.7133560180664062,86.8125,86.8125,1.025390625,2.412109375,2.412109375,16,8,3.654296875,8.8671875,3.6530776046441984,3.65334560875554,3.655541788960029,3.7049067553517663,3.640586458981762,3.6774062324965633,3.952384427419809,4.176898684579274,0.587890625,0.61572265625,2.080078125,2.109375,3.65625,0.40332874857024326,0.34525131151896155,5.50434055893928,3.5092407074279106,0.6375406226870822,0.02239232246269207,0.028467843504183316,0.7733368627510568,0.6990887967871571,0.9351007968374212,0.8652790896760859,0.9457354888611418,0.8665919087248513,5.498106229265012,3.487671568223669,0.6343405206795908,0.020219289905845983,0.024642712076818868,0.7745492412751176,0.6886731958234846,0.9375258951365986,0.8499066764754777,0.9500731500616988,0.8514481378054974
48,test,,0.7220531105995178,84.75,84.75,1.0166015625,2.412109375,2.412109375,19,9,3.712890625,8.8671875,3.7103791108422466,3.7106438013975906,3.712837359421501,3.761704984447588,3.653092072636854,3.6898783158510216,3.9634360855827944,4.188738545183958,0.58154296875,0.60986328125,2.115234375,2.1796875,3.7109375,0.40083335929067454,0.34509311773826185,5.50434055893928,3.5004833367163317,0.6359496290670823,0.0257303479956974,0.030117594353597364,0.7955517549165458,0.6776689689776288,0.9351002422624433,0.8142359389300645,0.9453272356888327,0.8155886096880492,5.490050266750734,3.471077877786293,0.6322488336414883,0.017002502274547027,0.019021319341889758,0.799458609134498,0.6679165281326219,0.9385857529290798,0.7952332836396944,0.9397368085307889,0.7950023674562932
49,test,,0.740738570690155,85.875,85.875,1.0087890625,2.412109375,2.412109375,16,8,3.67578125,8.8671875,3.6734394416444514,3.6737070570850276,3.6759022706776414,3.7251565035371867,3.698970460430052,3.7355868192421817,4.013528355159358,4.231728489777875,0.58544921875,0.61376953125,2.087890625,2.1171875,3.673828125,0.40170476058191235,0.3447079270420621,5.50434055893928,3.505038257578268,0.6367771434283692,0.03221069506063756,0.03966596913705404,0.8029074312201319,0.7094874449012956,0.9351006931296464,0.8453588778429127,0.9454944607499911,0.8466157234566444,5.48591856517568,3.5040481589930805,0.6387349934861578,0.03370313014711712,0.04103868929927313,0.8027856353998883,0.7112042369980026,0.9377701991853717,0.8455751604707356,0.9374833008920005,0.8451444180657515
50,test,,0.7272325754165649,86.3125,86.3125,1.0,2.412109375,2.412109375,17,8,3.6875,8.8671875,3.6854901949208076,3.685757723206832,3.687978197261991,3.737180565130747,3.7366111412722653,3.7730759103950726,4.053234836102617,4.266844732043417,0.58447265625,0.6123046875,2.08984375,2.123046875,3.685546875,0.4021310749244829,0.3449380401583835,5.50434055893928,3.531592321301051,0.6416013477882645,0.03800885520199504,0.04769034890091536,0.7938557468456073,0.7109475383325162,0.9351007434132725,0.8570239295173483,0.9454713718027827,0.8581643495094009,5.4849146273123415,3.5091949907705158,0.6397902664330172,0.030944252210691303,0.037479136884223926,0.794340114716519,0.7015161036565359,0.9273171019190309,0.8391418010494278,0.9440009808843737,0.8415168744366796
